50
103 601 175 961 448 426 307 7 366 588 484 312 318 559 855 776 945 607 786 593 60 884 646 397 152 857 5 206 520 631 446 623 584 973 584 385 400 244 392 118 832 228 430 502 139 637 278 436 596 417 
30 8 301 676 757 453 534 762 12 54 746 458 677 330 783 614 67 535 858 811 653 42 39 435 544 179 72 174 615 20 591 997 380 893 674 138 698 208 900 62 614 998 520 643 681 656 257 748 191 467 
560 845 509 599 280 405 130 705 932 98 77 875 95 458 120 769 596 171 329 848 233 943 847 106 939 528 762 196 628 305 16 188 502 877 140 783 635 270 840 567 368 917 794 816 375 915 937 323 438 267 
524 671 562 723 129 501 603 243 50 231 549 418 420 51 295 560 186 930 182 26 849 903 296 996 719 671 911 656 347 701 275 871 372 190 594 854 43 197 97 445 428 646 863 200 698 511 112 884 793 295 
263 995 198 559 991 269 582 254 277 929 955 905 152 679 447 98 533 490 295 631 288 76 277 503 628 327 366 741 564 160 388 827 155 938 738 146 559 672 400 836 602 355 93 106 34 540 205 920 383 852 
551 23 280 828 526 909 508 893 2 72 405 742 251 560 680 989 58 591 661 458 427 615 165 873 74 551 765 279 471 148 483 374 523 764 555 402 25 63 295 379 135 52 121 738 612 153 79 670 744 740 
480 523 708 997 396 782 900 514 413 724 14 896 98 538 12 653 940 389 716 587 768 203 639 241 941 251 394 372 273 490 113 105 366 173 102 762 307 354 628 720 78 643 968 177 181 333 830 121 722 899 
708 843 454 347 84 748 950 831 120 575 321 585 680 687 758 134 802 65 488 430 137 567 73 106 744 606 439 926 727 513 177 787 356 632 486 441 380 788 624 500 363 297 438 43 985 196 529 139 262 18 
921 751 937 347 857 33 953 648 959 33 162 489 172 870 121 659 663 853 447 287 705 163 585 143 558 922 340 88 413 954 106 334 705 43 33 915 76 987 563 387 372 77 876 544 948 349 555 611 202 355 
251 908 518 836 403 76 110 743 164 523 49 622 857 755 17 891 22 445 230 585 185 602 15 413 498 315 763 54 278 317 409 529 225 279 717 629 707 827 724 872 350 774 846 208 881 216 451 903 661 681 
840 198 635 207 612 133 522 375 539 801 692 300 682 270 579 400 251 287 227 327 511 578 453 709 138 334 925 589 589 939 622 782 489 609 989 101 94 864 828 634 665 521 286 699 143 866 99 746 505 327 
73 368 257 527 77 395 213 355 336 155 646 310 937 135 919 278 237 13 494 417 999 511 938 286 211 433 504 310 179 361 989 605 729 246 132 158 641 697 865 329 852 863 639 141 999 558 772 588 924 266 
5 275 778 296 913 989 81 417 651 261 130 641 866 211 887 350 722 881 47 587 210 252 451 202 393 802 112 165 390 36 784 747 664 562 43 577 903 125 995 554 738 477 547 956 689 435 658 411 668 705 
350 230 309 153 784 703 955 897 220 697 285 4 797 949 918 840 527 173 317 874 728 407 351 275 363 392 62 21 155 82 79 506 665 740 11 449 443 967 346 16 16 632 372 813 581 643 6 460 816 675 
334 544 83 38 172 446 430 586 820 938 669 251 444 686 991 455 135 787 774 482 803 143 466 527 308 47 170 314 860 987 990 546 883 425 584 55 871 367 994 43 305 15 294 101 701 638 908 836 425 683 
50
103 601 175 961 448 426 307 7 366 588 484 312 318 559 855 776 945 607 786 593 60 884 646 397 152 857 5 206 520 631 446 623 584 973 584 385 400 244 392 118 832 228 430 502 139 637 278 436 596 417 
30 8 301 676 757 453 534 762 12 54 746 458 677 330 783 614 67 535 858 811 653 42 39 435 544 179 72 174 615 20 591 997 380 893 674 138 698 208 900 62 614 998 520 643 681 656 257 748 191 467 
560 845 509 599 280 405 130 705 932 98 77 875 95 458 120 769 596 171 329 848 233 943 847 106 939 528 762 196 628 305 16 188 502 877 140 783 635 270 840 567 368 917 794 816 375 915 937 323 438 267 
524 671 562 723 129 501 603 243 50 231 549 418 420 51 295 560 186 930 182 26 849 903 296 996 719 671 911 656 347 701 275 871 372 190 594 854 43 197 97 445 428 646 863 200 698 511 112 884 793 295 
263 995 198 559 991 269 582 254 277 929 955 905 152 679 447 98 533 490 295 631 288 76 277 503 628 327 366 741 564 160 388 827 155 938 738 146 559 672 400 836 602 355 93 106 34 540 205 920 383 852 
551 23 280 828 526 909 508 893 2 72 405 742 251 560 680 989 58 591 661 458 427 615 165 873 74 551 765 279 471 148 483 374 523 764 555 402 25 63 295 379 135 52 121 738 612 153 79 670 744 740 
480 523 708 997 396 782 900 514 413 724 14 896 98 538 12 653 940 389 716 587 768 203 639 241 941 251 394 372 273 490 113 105 366 173 102 762 307 354 628 720 78 643 968 177 181 333 830 121 722 899 
708 843 454 347 84 748 950 831 120 575 321 585 680 687 758 134 802 65 488 430 137 567 73 106 744 606 439 926 727 513 177 787 356 632 486 441 380 788 624 500 363 297 438 43 985 196 529 139 262 18 
921 751 937 347 857 33 953 648 959 33 162 489 172 870 121 659 663 853 447 287 705 163 585 143 558 922 340 88 413 954 106 334 705 43 33 915 76 987 563 387 372 77 876 544 948 349 555 611 202 355 
251 908 518 836 403 76 110 743 164 523 49 622 857 755 17 891 22 445 230 585 185 602 15 413 498 315 763 54 278 317 409 529 225 279 717 629 707 827 724 872 350 774 846 208 881 216 451 903 661 681 
840 198 635 207 612 133 522 375 539 801 692 300 682 270 579 400 251 287 227 327 511 578 453 709 138 334 925 589 589 939 622 782 489 609 989 101 94 864 828 634 665 521 286 699 143 866 99 746 505 327 
73 368 257 527 77 395 213 355 336 155 646 310 937 135 919 278 237 13 494 417 999 511 938 286 211 433 504 310 179 361 989 605 729 246 132 158 641 697 865 329 852 863 639 141 999 558 772 588 924 266 
5 275 778 296 913 989 81 417 651 261 130 641 866 211 887 350 722 881 47 587 210 252 451 202 393 802 112 165 390 36 784 747 664 562 43 577 903 125 995 554 738 477 547 956 689 435 658 411 668 705 
350 230 309 153 784 703 955 897 220 697 285 4 797 949 918 840 527 173 317 874 728 407 351 275 363 392 62 21 155 82 79 506 665 740 11 449 443 967 346 16 16 632 372 813 581 643 6 460 816 675 
334 544 83 38 172 446 430 586 820 938 669 251 444 686 991 455 135 787 774 482 803 143 466 527 308 47 170 314 860 987 990 546 883 425 584 55 871 367 994 43 305 15 294 101 701 638 908 836 425 683 
50
103 601 175 961 448 426 307 7 366 588 484 312 318 559 855 776 945 607 786 593 60 884 646 397 152 857 5 206 520 631 446 623 584 973 584 385 400 244 392 118 832 228 430 502 139 637 278 436 596 417 
30 8 301 676 757 453 534 762 12 54 746 458 677 330 783 614 67 535 858 811 653 42 39 435 544 179 72 174 615 20 591 997 380 893 674 138 698 208 900 62 614 998 520 643 681 656 257 748 191 467 
560 845 509 599 280 405 130 705 932 98 77 875 95 458 120 769 596 171 329 848 233 943 847 106 939 528 762 196 628 305 16 188 502 877 140 783 635 270 840 567 368 917 794 816 375 915 937 323 438 267 
524 671 562 723 129 501 603 243 50 231 549 418 420 51 295 560 186 930 182 26 849 903 296 996 719 671 911 656 347 701 275 871 372 190 594 854 43 197 97 445 428 646 863 200 698 511 112 884 793 295 
263 995 198 559 991 269 582 254 277 929 955 905 152 679 447 98 533 490 295 631 288 76 277 503 628 327 366 741 564 160 388 827 155 938 738 146 559 672 400 836 602 355 93 106 34 540 205 920 383 852 
551 23 280 828 526 909 508 893 2 72 405 742 251 560 680 989 58 591 661 458 427 615 165 873 74 551 765 279 471 148 483 374 523 764 555 402 25 63 295 379 135 52 121 738 612 153 79 670 744 740 
480 523 708 997 396 782 900 514 413 724 14 896 98 538 12 653 940 389 716 587 768 203 639 241 941 251 394 372 273 490 113 105 366 173 102 762 307 354 628 720 78 643 968 177 181 333 830 121 722 899 
708 843 454 347 84 748 950 831 120 575 321 585 680 687 758 134 802 65 488 430 137 567 73 106 744 606 439 926 727 513 177 787 356 632 486 441 380 788 624 500 363 297 438 43 985 196 529 139 262 18 
921 751 937 347 857 33 953 648 959 33 162 489 172 870 121 659 663 853 447 287 705 163 585 143 558 922 340 88 413 954 106 334 705 43 33 915 76 987 563 387 372 77 876 544 948 349 555 611 202 355 
251 908 518 836 403 76 110 743 164 523 49 622 857 755 17 891 22 445 230 585 185 602 15 413 498 315 763 54 278 317 409 529 225 279 717 629 707 827 724 872 350 774 846 208 881 216 451 903 661 681 
840 198 635 207 612 133 522 375 539 801 692 300 682 270 579 400 251 287 227 327 511 578 453 709 138 334 925 589 589 939 622 782 489 609 989 101 94 864 828 634 665 521 286 699 143 866 99 746 505 327 
73 368 257 527 77 395 213 355 336 155 646 310 937 135 919 278 237 13 494 417 999 511 938 286 211 433 504 310 179 361 989 605 729 246 132 158 641 697 865 329 852 863 639 141 999 558 772 588 924 266 
5 275 778 296 913 989 81 417 651 261 130 641 866 211 887 350 722 881 47 587 210 252 451 202 393 802 112 165 390 36 784 747 664 562 43 577 903 125 995 554 738 477 547 956 689 435 658 411 668 705 
350 230 309 153 784 703 955 897 220 697 285 4 797 949 918 840 527 173 317 874 728 407 351 275 363 392 62 21 155 82 79 506 665 740 11 449 443 967 346 16 16 632 372 813 581 643 6 460 816 675 
334 544 83 38 172 446 430 586 820 938 669 251 444 686 991 455 135 787 774 482 803 143 466 527 308 47 170 314 860 987 990 546 883 425 584 55 871 367 994 43 305 15 294 101 701 638 908 836 425 683 
50
103 601 175 961 448 426 307 7 366 588 484 312 318 559 855 776 945 607 786 593 60 884 646 397 152 857 5 206 520 631 446 623 584 973 584 385 400 244 392 118 832 228 430 502 139 637 278 436 596 417 
30 8 301 676 757 453 534 762 12 54 746 458 677 330 783 614 67 535 858 811 653 42 39 435 544 179 72 174 615 20 591 997 380 893 674 138 698 208 900 62 614 998 520 643 681 656 257 748 191 467 
560 845 509 599 280 405 130 705 932 98 77 875 95 458 120 769 596 171 329 848 233 943 847 106 939 528 762 196 628 305 16 188 502 877 140 783 635 270 840 567 368 917 794 816 375 915 937 323 438 267 
524 671 562 723 129 501 603 243 50 231 549 418 420 51 295 560 186 930 182 26 849 903 296 996 719 671 911 656 347 701 275 871 372 190 594 854 43 197 97 445 428 646 863 200 698 511 112 884 793 295 
263 995 198 559 991 269 582 254 277 929 955 905 152 679 447 98 533 490 295 631 288 76 277 503 628 327 366 741 564 160 388 827 155 938 738 146 559 672 400 836 602 355 93 106 34 540 205 920 383 852 
551 23 280 828 526 909 508 893 2 72 405 742 251 560 680 989 58 591 661 458 427 615 165 873 74 551 765 279 471 148 483 374 523 764 555 402 25 63 295 379 135 52 121 738 612 153 79 670 744 740 
480 523 708 997 396 782 900 514 413 724 14 896 98 538 12 653 940 389 716 587 768 203 639 241 941 251 394 372 273 490 113 105 366 173 102 762 307 354 628 720 78 643 968 177 181 333 830 121 722 899 
708 843 454 347 84 748 950 831 120 575 321 585 680 687 758 134 802 65 488 430 137 567 73 106 744 606 439 926 727 513 177 787 356 632 486 441 380 788 624 500 363 297 438 43 985 196 529 139 262 18 
921 751 937 347 857 33 953 648 959 33 162 489 172 870 121 659 663 853 447 287 705 163 585 143 558 922 340 88 413 954 106 334 705 43 33 915 76 987 563 387 372 77 876 544 948 349 555 611 202 355 
251 908 518 836 403 76 110 743 164 523 49 622 857 755 17 891 22 445 230 585 185 602 15 413 498 315 763 54 278 317 409 529 225 279 717 629 707 827 724 872 350 774 846 208 881 216 451 903 661 681 
840 198 635 207 612 133 522 375 539 801 692 300 682 270 579 400 251 287 227 327 511 578 453 709 138 334 925 589 589 939 622 782 489 609 989 101 94 864 828 634 665 521 286 699 143 866 99 746 505 327 
73 368 257 527 77 395 213 355 336 155 646 310 937 135 919 278 237 13 494 417 999 511 938 286 211 433 504 310 179 361 989 605 729 246 132 158 641 697 865 329 852 863 639 141 999 558 772 588 924 266 
5 275 778 296 913 989 81 417 651 261 130 641 866 211 887 350 722 881 47 587 210 252 451 202 393 802 112 165 390 36 784 747 664 562 43 577 903 125 995 554 738 477 547 956 689 435 658 411 668 705 
350 230 309 153 784 703 955 897 220 697 285 4 797 949 918 840 527 173 317 874 728 407 351 275 363 392 62 21 155 82 79 506 665 740 11 449 443 967 346 16 16 632 372 813 581 643 6 460 816 675 
334 544 83 38 172 446 430 586 820 938 669 251 444 686 991 455 135 787 774 482 803 143 466 527 308 47 170 314 860 987 990 546 883 425 584 55 871 367 994 43 305 15 294 101 701 638 908 836 425 683 
50
103 601 175 961 448 426 307 7 366 588 484 312 318 559 855 776 945 607 786 593 60 884 646 397 152 857 5 206 520 631 446 623 584 973 584 385 400 244 392 118 832 228 430 502 139 637 278 436 596 417 
30 8 301 676 757 453 534 762 12 54 746 458 677 330 783 614 67 535 858 811 653 42 39 435 544 179 72 174 615 20 591 997 380 893 674 138 698 208 900 62 614 998 520 643 681 656 257 748 191 467 
560 845 509 599 280 405 130 705 932 98 77 875 95 458 120 769 596 171 329 848 233 943 847 106 939 528 762 196 628 305 16 188 502 877 140 783 635 270 840 567 368 917 794 816 375 915 937 323 438 267 
524 671 562 723 129 501 603 243 50 231 549 418 420 51 295 560 186 930 182 26 849 903 296 996 719 671 911 656 347 701 275 871 372 190 594 854 43 197 97 445 428 646 863 200 698 511 112 884 793 295 
263 995 198 559 991 269 582 254 277 929 955 905 152 679 447 98 533 490 295 631 288 76 277 503 628 327 366 741 564 160 388 827 155 938 738 146 559 672 400 836 602 355 93 106 34 540 205 920 383 852 
551 23 280 828 526 909 508 893 2 72 405 742 251 560 680 989 58 591 661 458 427 615 165 873 74 551 765 279 471 148 483 374 523 764 555 402 25 63 295 379 135 52 121 738 612 153 79 670 744 740 
480 523 708 997 396 782 900 514 413 724 14 896 98 538 12 653 940 389 716 587 768 203 639 241 941 251 394 372 273 490 113 105 366 173 102 762 307 354 628 720 78 643 968 177 181 333 830 121 722 899 
708 843 454 347 84 748 950 831 120 575 321 585 680 687 758 134 802 65 488 430 137 567 73 106 744 606 439 926 727 513 177 787 356 632 486 441 380 788 624 500 363 297 438 43 985 196 529 139 262 18 
921 751 937 347 857 33 953 648 959 33 162 489 172 870 121 659 663 853 447 287 705 163 585 143 558 922 340 88 413 954 106 334 705 43 33 915 76 987 563 387 372 77 876 544 948 349 555 611 202 355 
251 908 518 836 403 76 110 743 164 523 49 622 857 755 17 891 22 445 230 585 185 602 15 413 498 315 763 54 278 317 409 529 225 279 717 629 707 827 724 872 350 774 846 208 881 216 451 903 661 681 
840 198 635 207 612 133 522 375 539 801 692 300 682 270 579 400 251 287 227 327 511 578 453 709 138 334 925 589 589 939 622 782 489 609 989 101 94 864 828 634 665 521 286 699 143 866 99 746 505 327 
73 368 257 527 77 395 213 355 336 155 646 310 937 135 919 278 237 13 494 417 999 511 938 286 211 433 504 310 179 361 989 605 729 246 132 158 641 697 865 329 852 863 639 141 999 558 772 588 924 266 
5 275 778 296 913 989 81 417 651 261 130 641 866 211 887 350 722 881 47 587 210 252 451 202 393 802 112 165 390 36 784 747 664 562 43 577 903 125 995 554 738 477 547 956 689 435 658 411 668 705 
350 230 309 153 784 703 955 897 220 697 285 4 797 949 918 840 527 173 317 874 728 407 351 275 363 392 62 21 155 82 79 506 665 740 11 449 443 967 346 16 16 632 372 813 581 643 6 460 816 675 
334 544 83 38 172 446 430 586 820 938 669 251 444 686 991 455 135 787 774 482 803 143 466 527 308 47 170 314 860 987 990 546 883 425 584 55 871 367 994 43 305 15 294 101 701 638 908 836 425 683 
50
665 47 597 481 330 335 395 682 140 592 499 35 661 561 801 367 562 975 513 433 390 458 915 232 28 159 909 106 976 378 469 641 426 418 123 108 105 870 790 245 462 289 632 475 851 786 194 765 113 707 
550 504 518 465 88 546 977 997 652 953 376 473 947 154 891 70 262 349 292 404 594 106 694 579 933 897 365 127 14 830 834 917 686 704 734 774 250 711 772 255 665 500 728 612 6 972 34 268 321 678 
24 267 784 70 846 69 319 563 196 334 746 382 603 432 87 337 559 689 49 331 944 66 183 673 678 189 997 64 809 318 742 833 937 526 904 784 947 223 699 143 909 797 877 512 230 964 202 789 654 251 
472 950 317 7 975 347 196 972 411 5 290 153 190 228 31 446 364 978 670 415 121 931 213 350 444 795 667 646 584 321 249 408 623 566 415 599 913 963 571 676 320 214 829 862 794 860 309 158 838 979 
925 311 262 138 661 706 933 328 704 869 1 305 629 977 223 396 576 488 359 147 164 31 713 993 894 507 205 203 17 43 534 943 706 796 433 720 855 719 400 911 588 402 217 570 379 440 966 307 929 678 
454 445 61 168 439 955 27 644 510 45 40 44 988 98 193 421 818 48 140 219 959 81 973 528 651 704 969 969 11 250 999 817 695 61 337 486 368 365 483 879 410 875 275 750 973 468 171 144 516 664 
715 828 97 688 356 100 744 677 421 755 279 421 924 327 482 262 813 202 627 648 81 389 523 709 139 849 177 662 993 46 326 708 226 775 748 934 875 492 612 297 599 243 70 523 570 552 785 736 106 764 
736 188 153 260 249 292 461 426 955 806 824 633 866 50 761 614 337 636 458 949 285 57 544 355 580 115 259 718 203 366 482 939 906 988 551 155 280 12 933 587 170 758 573 36 160 334 2 497 322 812 
798 608 869 343 963 802 810 575 872 13 941 354 304 847 342 856 354 975 220 287 914 743 397 487 131 558 173 134 407 496 298 206 456 168 901 771 322 63 346 194 428 287 900 732 486 243 940 840 570 513 
480 484 256 877 324 387 787 497 873 195 345 172 753 801 692 6 573 14 69 271 560 497 911 460 581 397 55 522 590 977 35 422 462 643 299 138 30 87 635 904 634 333 76 387 134 120 745 59 134 814 
331 46 663 242 506 244 991 914 118 933 891 153 355 705 148 655 843 179 94 831 435 80 164 863 467 650 983 212 710 469 378 393 515 41 987 373 637 978 639 756 912 883 261 267 588 410 274 784 589 720 
967 376 800 131 239 619 133 574 183 195 43 561 588 910 954 575 635 592 906 275 348 818 158 609 437 98 19 712 234 960 432 201 336 233 684 927 204 818 501 388 13 896 949 602 806 904 529 442 496 435 
69 844 605 579 805 43 677 825 755 264 785 539 465 474 124 150 401 329 320 255 717 333 151 18 287 310 922 169 104 770 604 173 966 210 104 772 253 133 949 360 397 86 251 215 560 728 365 962 57 37 
217 126 722 720 144 10 30 419 179 134 541 135 659 860 345 763 632 950 897 933 662 646 19 914 861 580 994 578 894 51 615 463 529 338 535 25 700 566 796 879 52 338 366 64 198 64 179 182 14 428 
115 29 75 486 295 936 418 289 515 664 692 482 127 221 820 663 598 520 581 395 751 985 733 470 49 283 534 229 465 900 9 932 929 84 770 576 21 189 865 888 853 557 370 333 130 543 348 729 415 929 
50
665 47 597 481 330 335 395 682 140 592 499 35 661 561 801 367 562 975 513 433 390 458 915 232 28 159 909 106 976 378 469 641 426 418 123 108 105 870 790 245 462 289 632 475 851 786 194 765 113 707 
550 504 518 465 88 546 977 997 652 953 376 473 947 154 891 70 262 349 292 404 594 106 694 579 933 897 365 127 14 830 834 917 686 704 734 774 250 711 772 255 665 500 728 612 6 972 34 268 321 678 
24 267 784 70 846 69 319 563 196 334 746 382 603 432 87 337 559 689 49 331 944 66 183 673 678 189 997 64 809 318 742 833 937 526 904 784 947 223 699 143 909 797 877 512 230 964 202 789 654 251 
472 950 317 7 975 347 196 972 411 5 290 153 190 228 31 446 364 978 670 415 121 931 213 350 444 795 667 646 584 321 249 408 623 566 415 599 913 963 571 676 320 214 829 862 794 860 309 158 838 979 
925 311 262 138 661 706 933 328 704 869 1 305 629 977 223 396 576 488 359 147 164 31 713 993 894 507 205 203 17 43 534 943 706 796 433 720 855 719 400 911 588 402 217 570 379 440 966 307 929 678 
454 445 61 168 439 955 27 644 510 45 40 44 988 98 193 421 818 48 140 219 959 81 973 528 651 704 969 969 11 250 999 817 695 61 337 486 368 365 483 879 410 875 275 750 973 468 171 144 516 664 
715 828 97 688 356 100 744 677 421 755 279 421 924 327 482 262 813 202 627 648 81 389 523 709 139 849 177 662 993 46 326 708 226 775 748 934 875 492 612 297 599 243 70 523 570 552 785 736 106 764 
736 188 153 260 249 292 461 426 955 806 824 633 866 50 761 614 337 636 458 949 285 57 544 355 580 115 259 718 203 366 482 939 906 988 551 155 280 12 933 587 170 758 573 36 160 334 2 497 322 812 
798 608 869 343 963 802 810 575 872 13 941 354 304 847 342 856 354 975 220 287 914 743 397 487 131 558 173 134 407 496 298 206 456 168 901 771 322 63 346 194 428 287 900 732 486 243 940 840 570 513 
480 484 256 877 324 387 787 497 873 195 345 172 753 801 692 6 573 14 69 271 560 497 911 460 581 397 55 522 590 977 35 422 462 643 299 138 30 87 635 904 634 333 76 387 134 120 745 59 134 814 
331 46 663 242 506 244 991 914 118 933 891 153 355 705 148 655 843 179 94 831 435 80 164 863 467 650 983 212 710 469 378 393 515 41 987 373 637 978 639 756 912 883 261 267 588 410 274 784 589 720 
967 376 800 131 239 619 133 574 183 195 43 561 588 910 954 575 635 592 906 275 348 818 158 609 437 98 19 712 234 960 432 201 336 233 684 927 204 818 501 388 13 896 949 602 806 904 529 442 496 435 
69 844 605 579 805 43 677 825 755 264 785 539 465 474 124 150 401 329 320 255 717 333 151 18 287 310 922 169 104 770 604 173 966 210 104 772 253 133 949 360 397 86 251 215 560 728 365 962 57 37 
217 126 722 720 144 10 30 419 179 134 541 135 659 860 345 763 632 950 897 933 662 646 19 914 861 580 994 578 894 51 615 463 529 338 535 25 700 566 796 879 52 338 366 64 198 64 179 182 14 428 
115 29 75 486 295 936 418 289 515 664 692 482 127 221 820 663 598 520 581 395 751 985 733 470 49 283 534 229 465 900 9 932 929 84 770 576 21 189 865 888 853 557 370 333 130 543 348 729 415 929 
50
665 47 597 481 330 335 395 682 140 592 499 35 661 561 801 367 562 975 513 433 390 458 915 232 28 159 909 106 976 378 469 641 426 418 123 108 105 870 790 245 462 289 632 475 851 786 194 765 113 707 
550 504 518 465 88 546 977 997 652 953 376 473 947 154 891 70 262 349 292 404 594 106 694 579 933 897 365 127 14 830 834 917 686 704 734 774 250 711 772 255 665 500 728 612 6 972 34 268 321 678 
24 267 784 70 846 69 319 563 196 334 746 382 603 432 87 337 559 689 49 331 944 66 183 673 678 189 997 64 809 318 742 833 937 526 904 784 947 223 699 143 909 797 877 512 230 964 202 789 654 251 
472 950 317 7 975 347 196 972 411 5 290 153 190 228 31 446 364 978 670 415 121 931 213 350 444 795 667 646 584 321 249 408 623 566 415 599 913 963 571 676 320 214 829 862 794 860 309 158 838 979 
925 311 262 138 661 706 933 328 704 869 1 305 629 977 223 396 576 488 359 147 164 31 713 993 894 507 205 203 17 43 534 943 706 796 433 720 855 719 400 911 588 402 217 570 379 440 966 307 929 678 
454 445 61 168 439 955 27 644 510 45 40 44 988 98 193 421 818 48 140 219 959 81 973 528 651 704 969 969 11 250 999 817 695 61 337 486 368 365 483 879 410 875 275 750 973 468 171 144 516 664 
715 828 97 688 356 100 744 677 421 755 279 421 924 327 482 262 813 202 627 648 81 389 523 709 139 849 177 662 993 46 326 708 226 775 748 934 875 492 612 297 599 243 70 523 570 552 785 736 106 764 
736 188 153 260 249 292 461 426 955 806 824 633 866 50 761 614 337 636 458 949 285 57 544 355 580 115 259 718 203 366 482 939 906 988 551 155 280 12 933 587 170 758 573 36 160 334 2 497 322 812 
798 608 869 343 963 802 810 575 872 13 941 354 304 847 342 856 354 975 220 287 914 743 397 487 131 558 173 134 407 496 298 206 456 168 901 771 322 63 346 194 428 287 900 732 486 243 940 840 570 513 
480 484 256 877 324 387 787 497 873 195 345 172 753 801 692 6 573 14 69 271 560 497 911 460 581 397 55 522 590 977 35 422 462 643 299 138 30 87 635 904 634 333 76 387 134 120 745 59 134 814 
331 46 663 242 506 244 991 914 118 933 891 153 355 705 148 655 843 179 94 831 435 80 164 863 467 650 983 212 710 469 378 393 515 41 987 373 637 978 639 756 912 883 261 267 588 410 274 784 589 720 
967 376 800 131 239 619 133 574 183 195 43 561 588 910 954 575 635 592 906 275 348 818 158 609 437 98 19 712 234 960 432 201 336 233 684 927 204 818 501 388 13 896 949 602 806 904 529 442 496 435 
69 844 605 579 805 43 677 825 755 264 785 539 465 474 124 150 401 329 320 255 717 333 151 18 287 310 922 169 104 770 604 173 966 210 104 772 253 133 949 360 397 86 251 215 560 728 365 962 57 37 
217 126 722 720 144 10 30 419 179 134 541 135 659 860 345 763 632 950 897 933 662 646 19 914 861 580 994 578 894 51 615 463 529 338 535 25 700 566 796 879 52 338 366 64 198 64 179 182 14 428 
115 29 75 486 295 936 418 289 515 664 692 482 127 221 820 663 598 520 581 395 751 985 733 470 49 283 534 229 465 900 9 932 929 84 770 576 21 189 865 888 853 557 370 333 130 543 348 729 415 929 
50
665 47 597 481 330 335 395 682 140 592 499 35 661 561 801 367 562 975 513 433 390 458 915 232 28 159 909 106 976 378 469 641 426 418 123 108 105 870 790 245 462 289 632 475 851 786 194 765 113 707 
550 504 518 465 88 546 977 997 652 953 376 473 947 154 891 70 262 349 292 404 594 106 694 579 933 897 365 127 14 830 834 917 686 704 734 774 250 711 772 255 665 500 728 612 6 972 34 268 321 678 
24 267 784 70 846 69 319 563 196 334 746 382 603 432 87 337 559 689 49 331 944 66 183 673 678 189 997 64 809 318 742 833 937 526 904 784 947 223 699 143 909 797 877 512 230 964 202 789 654 251 
472 950 317 7 975 347 196 972 411 5 290 153 190 228 31 446 364 978 670 415 121 931 213 350 444 795 667 646 584 321 249 408 623 566 415 599 913 963 571 676 320 214 829 862 794 860 309 158 838 979 
925 311 262 138 661 706 933 328 704 869 1 305 629 977 223 396 576 488 359 147 164 31 713 993 894 507 205 203 17 43 534 943 706 796 433 720 855 719 400 911 588 402 217 570 379 440 966 307 929 678 
454 445 61 168 439 955 27 644 510 45 40 44 988 98 193 421 818 48 140 219 959 81 973 528 651 704 969 969 11 250 999 817 695 61 337 486 368 365 483 879 410 875 275 750 973 468 171 144 516 664 
715 828 97 688 356 100 744 677 421 755 279 421 924 327 482 262 813 202 627 648 81 389 523 709 139 849 177 662 993 46 326 708 226 775 748 934 875 492 612 297 599 243 70 523 570 552 785 736 106 764 
736 188 153 260 249 292 461 426 955 806 824 633 866 50 761 614 337 636 458 949 285 57 544 355 580 115 259 718 203 366 482 939 906 988 551 155 280 12 933 587 170 758 573 36 160 334 2 497 322 812 
798 608 869 343 963 802 810 575 872 13 941 354 304 847 342 856 354 975 220 287 914 743 397 487 131 558 173 134 407 496 298 206 456 168 901 771 322 63 346 194 428 287 900 732 486 243 940 840 570 513 
480 484 256 877 324 387 787 497 873 195 345 172 753 801 692 6 573 14 69 271 560 497 911 460 581 397 55 522 590 977 35 422 462 643 299 138 30 87 635 904 634 333 76 387 134 120 745 59 134 814 
331 46 663 242 506 244 991 914 118 933 891 153 355 705 148 655 843 179 94 831 435 80 164 863 467 650 983 212 710 469 378 393 515 41 987 373 637 978 639 756 912 883 261 267 588 410 274 784 589 720 
967 376 800 131 239 619 133 574 183 195 43 561 588 910 954 575 635 592 906 275 348 818 158 609 437 98 19 712 234 960 432 201 336 233 684 927 204 818 501 388 13 896 949 602 806 904 529 442 496 435 
69 844 605 579 805 43 677 825 755 264 785 539 465 474 124 150 401 329 320 255 717 333 151 18 287 310 922 169 104 770 604 173 966 210 104 772 253 133 949 360 397 86 251 215 560 728 365 962 57 37 
217 126 722 720 144 10 30 419 179 134 541 135 659 860 345 763 632 950 897 933 662 646 19 914 861 580 994 578 894 51 615 463 529 338 535 25 700 566 796 879 52 338 366 64 198 64 179 182 14 428 
115 29 75 486 295 936 418 289 515 664 692 482 127 221 820 663 598 520 581 395 751 985 733 470 49 283 534 229 465 900 9 932 929 84 770 576 21 189 865 888 853 557 370 333 130 543 348 729 415 929 
50
665 47 597 481 330 335 395 682 140 592 499 35 661 561 801 367 562 975 513 433 390 458 915 232 28 159 909 106 976 378 469 641 426 418 123 108 105 870 790 245 462 289 632 475 851 786 194 765 113 707 
550 504 518 465 88 546 977 997 652 953 376 473 947 154 891 70 262 349 292 404 594 106 694 579 933 897 365 127 14 830 834 917 686 704 734 774 250 711 772 255 665 500 728 612 6 972 34 268 321 678 
24 267 784 70 846 69 319 563 196 334 746 382 603 432 87 337 559 689 49 331 944 66 183 673 678 189 997 64 809 318 742 833 937 526 904 784 947 223 699 143 909 797 877 512 230 964 202 789 654 251 
472 950 317 7 975 347 196 972 411 5 290 153 190 228 31 446 364 978 670 415 121 931 213 350 444 795 667 646 584 321 249 408 623 566 415 599 913 963 571 676 320 214 829 862 794 860 309 158 838 979 
925 311 262 138 661 706 933 328 704 869 1 305 629 977 223 396 576 488 359 147 164 31 713 993 894 507 205 203 17 43 534 943 706 796 433 720 855 719 400 911 588 402 217 570 379 440 966 307 929 678 
454 445 61 168 439 955 27 644 510 45 40 44 988 98 193 421 818 48 140 219 959 81 973 528 651 704 969 969 11 250 999 817 695 61 337 486 368 365 483 879 410 875 275 750 973 468 171 144 516 664 
715 828 97 688 356 100 744 677 421 755 279 421 924 327 482 262 813 202 627 648 81 389 523 709 139 849 177 662 993 46 326 708 226 775 748 934 875 492 612 297 599 243 70 523 570 552 785 736 106 764 
736 188 153 260 249 292 461 426 955 806 824 633 866 50 761 614 337 636 458 949 285 57 544 355 580 115 259 718 203 366 482 939 906 988 551 155 280 12 933 587 170 758 573 36 160 334 2 497 322 812 
798 608 869 343 963 802 810 575 872 13 941 354 304 847 342 856 354 975 220 287 914 743 397 487 131 558 173 134 407 496 298 206 456 168 901 771 322 63 346 194 428 287 900 732 486 243 940 840 570 513 
480 484 256 877 324 387 787 497 873 195 345 172 753 801 692 6 573 14 69 271 560 497 911 460 581 397 55 522 590 977 35 422 462 643 299 138 30 87 635 904 634 333 76 387 134 120 745 59 134 814 
331 46 663 242 506 244 991 914 118 933 891 153 355 705 148 655 843 179 94 831 435 80 164 863 467 650 983 212 710 469 378 393 515 41 987 373 637 978 639 756 912 883 261 267 588 410 274 784 589 720 
967 376 800 131 239 619 133 574 183 195 43 561 588 910 954 575 635 592 906 275 348 818 158 609 437 98 19 712 234 960 432 201 336 233 684 927 204 818 501 388 13 896 949 602 806 904 529 442 496 435 
69 844 605 579 805 43 677 825 755 264 785 539 465 474 124 150 401 329 320 255 717 333 151 18 287 310 922 169 104 770 604 173 966 210 104 772 253 133 949 360 397 86 251 215 560 728 365 962 57 37 
217 126 722 720 144 10 30 419 179 134 541 135 659 860 345 763 632 950 897 933 662 646 19 914 861 580 994 578 894 51 615 463 529 338 535 25 700 566 796 879 52 338 366 64 198 64 179 182 14 428 
115 29 75 486 295 936 418 289 515 664 692 482 127 221 820 663 598 520 581 395 751 985 733 470 49 283 534 229 465 900 9 932 929 84 770 576 21 189 865 888 853 557 370 333 130 543 348 729 415 929 
