100 8.8e-06
200 1.88667e-05
300 3.17333e-05
400 4.63333e-05
500 5.49333e-05
600 7.1e-05
700 8.38667e-05
800 9.32e-05
900 0.0001098
1000 0.000127933
1100 0.000131867
1200 0.000142867
1300 0.000166467
1400 0.000175067
1500 0.000187667
1600 0.0002086
1700 0.000212533
1800 0.000232133
1900 0.000247933
2000 0.000266
2100 0.000272
2200 0.0002852
2300 0.000304133
2400 0.000308667
2500 0.000333133
2600 0.0003362
2700 0.000356467
2800 0.000464267
2900 0.000441133
3000 0.0004222
3100 0.0004138
3200 0.0004372
3300 0.0004458
3400 0.000462067
3500 0.000571
3600 0.0005644
3700 0.0005948
3800 0.000563267
3900 0.0006488
4000 0.000543133
4100 0.0005586
4200 0.0005698
4300 0.000602733
4400 0.0006054
4500 0.000629133
4600 0.0006376
4700 0.0006532
4800 0.000660467
4900 0.000683133
5000 0.000692667
5100 0.000712867
5200 0.0007196
5300 0.000740267
5400 0.000746467
5500 0.000767467
5600 0.000799933
5700 0.000994867
5800 0.000835333
5900 0.00082
6000 0.0008568
6100 0.000881267
6200 0.0008778
6300 0.000906933
6400 0.000905067
6500 0.0009132
6600 0.0010124
6700 0.0009664
6800 0.00119553
6900 0.00100173
7000 0.000981333
7100 0.00100973
7200 0.001024
7300 0.00111887
7400 0.0010976
7500 0.00107707
7600 0.00108347
7700 0.00108573
7800 0.00120293
7900 0.0011154
8000 0.00115547
8100 0.001154
8200 0.00116873
8300 0.00118533
8400 0.0012138
8500 0.00121893
8600 0.00120887
8700 0.00126007
8800 0.0012684
8900 0.00129067
9000 0.00130507
9100 0.00129887
9200 0.00133267
9300 0.00131947
9400 0.0013368
9500 0.00136567
9600 0.00137607
9700 0.0013946
9800 0.00141667
9900 0.00143767
