100 7.33333e-06
200 2.7e-05
300 5.12667e-05
400 9.04667e-05
500 0.000142867
600 0.000198
700 0.000269933
800 0.0003524
900 0.000471067
1000 0.000546867
1100 0.0006662
1200 0.0007862
1300 0.000961267
1400 0.0010818
1500 0.00122113
1600 0.00138353
1700 0.001546
1800 0.00175273
1900 0.00194933
2000 0.00216993
2100 0.0023518
2200 0.00259487
2300 0.0028314
2400 0.00310287
2500 0.003358
2600 0.00368333
2700 0.00403767
2800 0.00432893
2900 0.00483707
3000 0.00496947
3100 0.00527953
3200 0.0055998
3300 0.00588333
3400 0.00626447
3500 0.00669273
3600 0.00707287
3700 0.007742
3800 0.00793493
3900 0.00825167
4000 0.00864813
4100 0.0091074
4200 0.0095238
4300 0.0100063
4400 0.0104642
4500 0.0108652
4600 0.0114675
4700 0.0119256
4800 0.0124551
4900 0.0129959
5000 0.013546
5100 0.0140213
5200 0.0146072
5300 0.0150797
5400 0.0156641
5500 0.0163441
5600 0.0170047
5700 0.017543
5800 0.0181381
5900 0.0188929
6000 0.0194977
6100 0.0200578
6200 0.0208497
6300 0.0215386
6400 0.0221559
6500 0.0229137
6600 0.0235297
6700 0.0240801
6800 0.0248932
6900 0.0257345
7000 0.0264117
7100 0.027101
7200 0.0278453
7300 0.0286757
7400 0.029636
7500 0.0302908
7600 0.0311044
7700 0.031749
7800 0.0327563
7900 0.0336098
8000 0.0344425
8100 0.0354903
8200 0.0362187
8300 0.0371062
8400 0.0379893
8500 0.0389613
8600 0.0399345
8700 0.0406949
8800 0.0417141
8900 0.0427701
9000 0.043601
9100 0.044953
9200 0.0456319
9300 0.0465087
9400 0.0475775
9500 0.0485591
9600 0.0495243
9700 0.0507225
9800 0.0518312
9900 0.0528429
10000 0.0538749
10100 0.054994
10200 0.0559988
10300 0.0572071
10400 0.0585165
10500 0.0593497
10600 0.0602885
10700 0.0614129
10800 0.0626807
10900 0.0637647
11000 0.0649979
11100 0.0660791
11200 0.0673244
11300 0.0686414
11400 0.0698719
11500 0.0710715
11600 0.0724329
11700 0.0735563
11800 0.0749324
11900 0.0758505
12000 0.0773963
12100 0.0785146
12200 0.0801632
12300 0.0812635
12400 0.0827801
12500 0.0841714
12600 0.0855311
12700 0.0869597
12800 0.0880901
12900 0.0895728
13000 0.0910809
13100 0.0923615
13200 0.0938381
13300 0.0953069
13400 0.0966816
13500 0.0981725
13600 0.099197
13700 0.101127
13800 0.102519
13900 0.104006
14000 0.105163
14100 0.10711
14200 0.108328
14300 0.110049
14400 0.111391
14500 0.113296
14600 0.114775
14700 0.116064
14800 0.117574
14900 0.118925
15000 0.120512
15100 0.122091
15200 0.124101
15300 0.125615
15400 0.127424
15500 0.129295
15600 0.130589
15700 0.132491
15800 0.133965
15900 0.13591
16000 0.13754
16100 0.139275
16200 0.140878
16300 0.142489
16400 0.144488
16500 0.146194
16600 0.147255
16700 0.149508
16800 0.151626
16900 0.153565
17000 0.155291
17100 0.156808
17200 0.158899
17300 0.161114
17400 0.162344
17500 0.164567
17600 0.166572
17700 0.168327
17800 0.170758
17900 0.172438
18000 0.174137
18100 0.176435
18200 0.177847
18300 0.18047
18400 0.182035
18500 0.184148
18600 0.186682
18700 0.187991
18800 0.190314
18900 0.192493
19000 0.193929
19100 0.196211
19200 0.198226
19300 0.200656
19400 0.202406
19500 0.20435
19600 0.206976
19700 0.208529
19800 0.210794
19900 0.212493
