100 1.3e-05
200 3.12e-05
300 4.54667e-05
400 6.29333e-05
500 8.18e-05
600 0.000100267
700 0.000120133
800 0.0001364
900 0.0001562
1000 0.000173
1100 0.000202467
1200 0.000219533
1300 0.000240867
1400 0.000262667
1500 0.0002848
1600 0.000305533
1700 0.000323133
1800 0.000343667
1900 0.0003688
2000 0.000387867
2100 0.000436067
2200 0.000440933
2300 0.000454667
2400 0.000481733
2500 0.0004998
2600 0.0005146
2700 0.0005492
2800 0.000568733
2900 0.0005944
3000 0.0006156
3100 0.000630733
3200 0.000662533
3300 0.000689267
3400 0.000711
3500 0.0007288
3600 0.000745733
3700 0.0007794
3800 0.000786467
3900 0.000817533
4000 0.000833867
4100 0.000865533
4200 0.000893733
4300 0.0009306
4400 0.000951533
4500 0.0009874
4600 0.00101073
4700 0.0010696
4800 0.00106193
4900 0.00111393
5000 0.001121
5100 0.00113453
5200 0.0011604
5300 0.0011828
5400 0.0012246
5500 0.001239
5600 0.0013224
5700 0.00129687
5800 0.00152967
5900 0.00134273
6000 0.00142707
6100 0.00148327
6200 0.001451
6300 0.0015552
6400 0.00150547
6500 0.0015836
6600 0.00156787
6700 0.00164367
6800 0.00167233
6900 0.00169633
7000 0.00155193
7100 0.001575
7200 0.00158207
7300 0.00176373
7400 0.00165987
7500 0.00166293
7600 0.00168627
7700 0.00170693
7800 0.00173353
7900 0.00175153
8000 0.00177367
8100 0.00180307
8200 0.00180947
8300 0.00184473
8400 0.00186787
8500 0.00190613
8600 0.0019776
8700 0.00195747
8800 0.00200647
8900 0.00199713
9000 0.002091
9100 0.00204813
9200 0.00207667
9300 0.0020982
9400 0.00215607
9500 0.00215293
9600 0.0021832
9700 0.00219873
9800 0.00228767
9900 0.00223733
