100 5.73333e-05
200 0.000214
300 0.0004488
400 0.0008256
500 0.00131473
600 0.00237007
700 0.00284013
800 0.00361233
900 0.00538333
1000 0.0074722
1100 0.00777367
1200 0.00907693
1300 0.0105404
1400 0.0122597
1500 0.0140285
1600 0.0161059
1700 0.0181101
1800 0.0203014
1900 0.0229598
2000 0.025467
2100 0.0281974
2200 0.0314677
2300 0.0338565
2400 0.0366331
2500 0.0398823
2600 0.0431631
2700 0.0466021
2800 0.0504086
2900 0.0551841
3000 0.0583384
3100 0.0625399
3200 0.0655265
3300 0.0695954
3400 0.0740138
3500 0.0799798
3600 0.0839301
3700 0.0880206
3800 0.0927978
3900 0.0981495
4000 0.10309
4100 0.1079
4200 0.113091
4300 0.118607
4400 0.124319
4500 0.132263
4600 0.13505
4700 0.140791
4800 0.147507
4900 0.152896
5000 0.159266
5100 0.16579
5200 0.17265
5300 0.178433
5400 0.186625
5500 0.192672
5600 0.198783
5700 0.206925
5800 0.214548
5900 0.220681
6000 0.228868
6100 0.238354
6200 0.244893
6300 0.25303
6400 0.260174
6500 0.268389
6600 0.275868
6700 0.283726
6800 0.292404
6900 0.302212
7000 0.310367
7100 0.318834
7200 0.328157
7300 0.337034
7400 0.346479
7500 0.359878
7600 0.370739
7700 0.382028
7800 0.391106
7900 0.395023
8000 0.404668
8100 0.415253
8200 0.425161
8300 0.435511
8400 0.446061
8500 0.456893
8600 0.467685
8700 0.478489
8800 0.489105
8900 0.499665
9000 0.51144
9100 0.521631
9200 0.533168
9300 0.544614
9400 0.575447
9500 0.554446
9600 0.559752
9700 0.574718
9800 0.588712
9900 0.594399
