100 3.34e-05
200 0.0001114
300 0.0002464
400 0.000442533
500 0.000662733
600 0.000990533
700 0.0014904
800 0.00176507
900 0.00214927
1000 0.0027524
1100 0.00332033
1200 0.003791
1300 0.00447293
1400 0.004901
1500 0.00580433
1600 0.00664907
1700 0.00755693
1800 0.00838407
1900 0.0091002
2000 0.0102039
2100 0.0114024
2200 0.0122623
2300 0.0134792
2400 0.0147332
2500 0.0154244
2600 0.017236
2700 0.0178901
2800 0.0191545
2900 0.0205813
3000 0.0219239
3100 0.0234763
3200 0.0249591
3300 0.0265931
3400 0.0320168
3500 0.0308394
3600 0.0326083
3700 0.0342577
3800 0.0352069
3900 0.0371163
4000 0.0398223
4100 0.0409989
4200 0.0430656
4300 0.0450095
4400 0.0471137
4500 0.0493807
4600 0.0515642
4700 0.0543141
4800 0.0562281
4900 0.0588877
5000 0.0602237
5100 0.0652217
5200 0.0668139
5300 0.0697219
5400 0.0748515
5500 0.0771825
5600 0.0789809
5700 0.0841979
5800 0.0851835
5900 0.0862943
6000 0.0901895
6100 0.0929478
6200 0.0950653
6300 0.0991775
6400 0.101756
6500 0.105258
6600 0.129569
6700 0.126754
6800 0.116732
6900 0.117683
7000 0.12082
7100 0.12785
7200 0.130756
7300 0.133835
7400 0.138834
7500 0.141753
7600 0.144331
7700 0.147407
7800 0.151968
7900 0.15682
8000 0.158803
8100 0.163047
8200 0.165753
8300 0.170043
8400 0.173976
8500 0.178001
8600 0.182522
8700 0.189549
8800 0.225561
8900 0.217046
9000 0.218901
9100 0.223875
9200 0.224614
9300 0.228655
9400 0.235351
9500 0.225318
9600 0.22443
9700 0.229284
9800 0.232931
9900 0.238233
