7.93333e-06
1.43333e-05
2.08e-05
3.84667e-05
4.36e-05
5.92e-05
8.90667e-05
9.72e-05
0.000119533
0.000143
0.000190067
0.000224467
0.000230933
0.000263533
0.000303133
0.000340067
0.000378067
0.0004244
0.000468333
0.000519533
0.000564733
0.0006176
0.000674
0.000725933
0.0007872
0.0008446
0.000906067
0.000971467
0.0010368
0.0011076
0.00118087
0.0012558
0.00133547
0.00142233
0.00147307
0.00156987
0.0017092
0.0017632
0.00184467
0.0019416
0.00204293
0.00213713
0.00212927
0.00211527
0.0022102
0.00230167
0.0024272
0.00246453
0.00259193
0.002837
0.00281507
0.00280133
0.00288433
0.0028584
0.00295987
0.0030722
0.00317067
0.00326047
0.00341273
0.00350433
0.00360013
0.0034168
0.00353427
0.00388647
0.0039106
0.00388867
0.0039692
0.00410453
0.0042176
0.00433327
0.00450973
0.0046438
0.00470247
0.00483087
0.0049642
0.00508953
0.0052192
0.00536827
0.005496
0.00554687
0.00533167
0.00550687
0.00564367
0.005768
0.0058466
0.0059984
0.00615207
0.00626773
0.00636553
0.0065122
0.00666087
0.0068564
0.007094
0.0071858
0.00737553
0.00751267
0.0075402
0.0076874
0.00785
0.0080054
0.00818313
0.00834427
0.00853867
0.00870427
0.00926133
0.00906907
0.00933827
0.009996
0.005867
0.00571987
0.005836
0.0059262
0.0060304
0.00613967
0.0062472
0.00635707
0.0064672
0.00657727
0.00668613
0.00680367
0.0069164
0.00725633
0.00723653
0.00733387
0.00736553
0.0074878
0.00760327
0.0077406
0.00784433
0.0079466
0.0080676
0.0083034
0.00831713
0.00844927
0.00857187
0.00869607
0.00880973
0.0089404
0.00906353
0.0092072
0.009324
0.0094568
0.00959033
0.00972107
0.00985867
0.010001
0.0101381
0.0102917
0.0104187
0.0105567
0.0107387
0.0108412
0.0109723
0.0111167
0.0112338
0.0121909
0.0115139
0.0117087
0.0118573
0.0120129
0.0121489
0.0123285
0.0125819
0.0125653
0.0127623
0.0129111
0.0130826
0.0132363
0.0133766
0.0135689
0.0137081
0.0138477
0.0140056
0.0141661
0.0143403
0.014498
0.0146545
0.0148185
0.0150081
0.0151291
0.0152929
0.0154579
0.0156269
0.0157591
0.0159263
0.0160873
0.0162626
0.0164395
0.0166125
0.0167847
0.0179661
0.0171392
0.0173097
0.0174919
0.0176687
0.0178561
0.0180318
0.0182357
0.0184207
0.0185987
0.0187837
0.0189715
0.0191528
0.0193453
0.0196367
0.0197197
0.0199404
0.0201389
0.0203225
0.0205207
0.0207095
0.0209135
0.0212033
0.0213019
0.0215004
0.0217017
0.0218885
0.0220991
0.0222985
0.0224861
0.0227045
0.0229052
0.0231089
0.0233225
0.0235192
0.0237306
0.0239353
0.0241455
0.0243573
0.0245713
0.0247849
0.0249936
0.0252189
0.0254279
0.0256511
0.0259042
0.0260748
0.026286
0.02653
0.0267241
0.027089
0.0271861
0.027498
0.0276237
0.0278659
0.0282824
0.0283463
0.0285435
0.0287898
0.0290097
0.0292508
0.029483
0.0298294
0.0299484
0.0301789
0.0304073
0.0306593
0.0309043
0.0312923
0.0313968
0.0317552
0.0318779
0.0321375
0.0323325
0.0325774
0.0328094
0.0330018
0.0332554
0.0335057
0.0337505
0.0339859
0.0342394
0.0344866
0.0347365
0.0349888
0.0352443
0.0354997
0.0357601
0.036002
0.0362594
0.0366589
0.0368371
0.0371565
0.0373595
0.0376717
0.0378748
0.0381282
0.0383969
0.0455697
0.0389487
0.0462509
0.0395777
0.0398665
0.0400957
0.0403869
0.0467364
0.0408119
0.0412015
0.0413006
0.0416383
0.041935
0.0421825
0.0424819
0.0427672
0.0431449
0.0433617
0.0435785
0.0439427
0.0331711
0.030458
0.0310705
0.0314382
0.0317903
0.0320095
0.0322049
0.0323169
0.0325569
0.0327872
0.0329974
0.0331769
0.033399
0.0336032
0.0338317
0.0339797
0.0341451
0.034334
0.0345709
0.0346885
0.0348037
0.0350077
0.0361254
0.0360979
0.0358779
0.0360931
0.0362043
0.0365129
0.0364381
0.0365952
0.0367883
0.0372536
0.0372945
0.0374425
0.0405698
0.0299994
0.0303009
0.0304281
0.0306597
0.0308467
0.0309829
0.0311255
0.0316665
0.0315075
0.0319387
0.0321198
0.0325985
0.0324731
0.0328771
0.0330371
0.0331135
0.0336568
0.0334413
0.0331707
0.0333647
0.0335925
0.0337608
0.0340409
0.0342543
0.0345439
0.0347607
0.0350655
0.0352037
0.0354052
0.0358809
0.0359267
0.036314
0.0361247
0.0368661
0.0371699
0.0364493
0.0367108
0.0369227
0.0370369
0.0372731
0.0373933
0.0376594
0.0378415
0.0380456
0.0382395
0.038465
0.038759
0.0386737
0.0396212
0.0406076
0.0400468
0.0404985
0.0402397
0.040661
0.0408928
0.0417753
0.0413714
0.0410017
0.040896
0.0412421
0.0413095
0.0416749
0.0416862
0.0419197
0.0421646
0.0422379
0.0426484
0.0428344
0.0432211
0.0432771
0.0434289
0.0435249
0.0437869
0.0441147
0.0442553
0.0445173
0.0447153
0.0448422
0.0451026
0.045312
0.0454092
0.0457207
0.0459157
0.0463537
0.0462654
0.0465113
0.0467082
0.0468301
0.0471902
0.0474403
0.0476752
0.0477331
0.0480803
0.0483715
0.0486561
0.048882
0.0488735
0.0491673
0.049287
0.049516
0.0496919
0.0501757
0.0503153
0.0617203
0.0517457
0.0516948
0.0518165
0.051934
0.0521191
0.0524436
0.0527941
0.0529985
0.0532108
0.0535122
0.054006
0.0541125
0.0548763
0.0554606
0.0556356
0.0566075
0.0572117
0.0571875
0.0574237
0.0576309
0.0613196
0.0668386
0.0580873
0.0579674
0.0569521
0.0577822
0.0648512
0.0579103
0.0575951
0.0580612
0.058665
0.0588469
0.0588123
0.0588476
0.0588843
0.0592939
0.0600611
0.0595393
0.0599779
0.0600845
0.0605404
0.0607839
0.0619631
0.0625813
0.0624887
0.0627063
0.0627963
0.0632959
0.0636391
0.0639888
0.0636002
0.0655445
0.0640769
0.064524
0.0647885
0.0650397
0.0652095
0.0653369
0.0666517
0.066049
0.0655857
0.0658158
0.0664243
0.066635
0.0667285
0.0667882
0.0670239
0.0672735
0.0675495
0.0679139
0.06819
0.0685869
0.0690807
0.0696183
0.0690131
0.0693333
0.0696489
0.0698235
0.0701469
0.070344
0.070595
0.0709026
0.0712053
0.0714412
0.0718804
0.0722821
0.0734718
0.0728023
0.0728233
0.0732513
0.0737545
0.0736302
0.0741523
0.0742235
0.0743321
0.0746194
0.0750543
0.0754101
0.0755318
0.0761831
0.0781409
0.0762084
0.0765076
0.0767923
0.0772119
0.0773083
0.0777254
0.0780461
0.0781707
0.078438
0.0786974
0.0789501
0.0795017
0.0799011
0.0799929
0.0803935
0.080696
0.0810307
0.0816483
0.0815051
0.081716
0.0824048
0.0822764
